{
    "prop_DeleteDelete_type.txt": 44.77425789833069,
    "prop_DeleteDelete_type_staged.txt": 7.902299165725708,
    "prop_DeleteDelete_bespoke.txt": 0.0034830570220947266
}