{
    "prop_DeleteDelete_type.txt": 17.122253870725633,
    "prop_DeleteDelete_type_staged.txt": 9.459786052942276,
    "prop_DeleteDelete_bespoke.txt": 0.005219612121582031
}